potted-plant 236.98000000000002 142.51 261.68 212.01
tv 7.030000000000001 167.76 156.35 262.63
tv 557.21 209.19 638.5600000000001 287.92
chair 358.98 218.05000000000004 414.98 320.88
chair 290.69 217.99999999999997 352.52 316.48
chair 413.2 223.01 443.37 304.37
chair 317.40000000000003 219.24000000000004 338.97999999999996 230.82999999999998
person 412.8 157.61 465.85 295.62
person 384.42999999999995 172.21 399.54999999999995 207.95000000000002
microwave 512.2199999999999 205.75 526.9600000000002 221.72
refrigerator 493.09999999999997 174.34 513.3899999999999 282.65
book 604.7699999999999 305.89000000000004 619.1100000000001 351.59999999999997
book 613.24 308.24 626.12 354.68
clock 447.77 121.12000000000002 461.7399999999999 143.0
vase 549.06 309.43 585.7399999999999 399.1
vase 350.76 208.84 362.13 231.39000000000004
chair 412.2500000000001 219.01999999999998 421.88 231.54000000000002
vase 241.24 194.99 255.45999999999998 212.61999999999998
vase 336.79 199.5 346.52 216.23
dining-table 321.2099999999999 231.22 446.7700000000001 320.15000000000003
